Loss,Acc
3.41881,0.4700
1.04970,0.4350
0.58874,0.7600
0.90562,0.5700
0.93393,0.5450
0.91999,0.5650
0.89643,0.5600
0.81512,0.6200
0.97279,0.5250
0.84918,0.5950
0.81482,0.6050
0.95384,0.5350
0.81844,0.6200
0.91998,0.5700
0.87328,0.5850
0.77423,0.6250
0.88514,0.5650
0.73579,0.6500
0.76020,0.6700
0.73919,0.6450
0.52393,0.7550
0.65791,0.6800
0.57760,0.7350
0.47280,0.7700
0.42937,0.8000
0.37161,0.9300
0.47192,0.8100
0.18457,0.9750
0.11989,0.9600
0.12676,0.9500
0.10657,0.9700
0.09186,0.9650
0.14417,0.9600
0.13215,0.9450
0.09030,0.9700
0.16406,0.9500
0.05744,0.9700
0.00791,0.9950
0.04192,0.9850
0.04016,0.9850
0.06579,0.9700
0.03141,0.9850
0.01114,0.9950
0.04777,0.9900
0.04690,0.9900
0.02860,0.9950
0.05123,0.9900
0.02247,1.0000
0.10346,0.9700
0.02926,0.9900
0.04472,0.9850
0.03992,0.9800
0.04416,0.9800
0.02162,0.9900
0.03254,0.9850
0.04151,0.9800
0.03747,0.9850
0.04443,0.9850
0.01401,1.0000
0.05812,0.9750
0.05969,0.9850
